1;10008;1;2;400.0;20161111;20161112;2016122223;1;2;1;false;1,2
2;10008;1;2;600.0;20161111;20161112;2016122223;2;2;1;false;3,4
3;10008;1;3;1000.0;20161111;20161112;20161221;3;2;1;false;5,6
4;10008;1;2;400.0;20161111;20161112;null;2;2;1;false;41,42
5;1;5;4;400.0;20161111;20161112;20161113;2;2;1;false;51,52
6;2;1;2;400.0;20161111;20161112;20161113;2;2;1;false;11,12
7;2;1;2;600.0;20161111;20161112;2016120817;3;2;1;false;13,14
8;2;2;3;300.0;20161111;20161112;20161113;3;1;1;false;23
9;3;4;3;300.0;20161111;20161112;2016120817;3;1;1;false;43
10;3;5;4;300.0;20161111;20161112;20161113;3;1;1;false;53
